after genetic algoritm:
['1000000101100000001001111111100111111100100000011001111111101000000100100000010010000000110111111010'	x:[0.05, 0.02, -0.02, -0.04, 0.06, -0.02, 0.04, 0.04, 0.03, -0.06]	y:0.0166	fitness:0.9836710603974032
, '1000000101100000001001111111100111111100100000011001111111101000000100100000010010000000110111111010'	x:[0.05, 0.02, -0.02, -0.04, 0.06, -0.02, 0.04, 0.04, 0.03, -0.06]	y:0.0166	fitness:0.9836710603974032
, '1000011011110000000001111111010111111101100000010101111000101000000100100001010110000000100111111110'	x:[0.27, 2.56, -0.03, -0.03, 0.05, -0.3, 0.04, 0.21, 0.02, -0.02]	y:6.7673	fitness:0.12874486629845636
, '1000011011100000000001111111010111111101100000010101111000101000000100100001010110000000100111111110'	x:[0.27, 0.0, -0.03, -0.03, 0.05, -0.3, 0.04, 0.21, 0.02, -0.02]	y:0.21370000000000003	fitness:0.8239268352970256
, '1000011111100000000001111111010111111100100000010001111010101000000100100001010110000010000111111110'	x:[0.31, 0.0, -0.03, -0.04, 0.04, -0.22, 0.04, 0.21, 0.08, -0.02]	y:0.2011	fitness:0.8325701440346349
, '1000011111100000000001111111010111111100100000010001111010101000000100100001010110000010000111111110'	x:[0.31, 0.0, -0.03, -0.04, 0.04, -0.22, 0.04, 0.21, 0.08, -0.02]	y:0.2011	fitness:0.8325701440346349
, '1000011001100000000001111111010111111101100000010101111010101000000100100001010110000000100111111110'	x:[0.25, 0.0, -0.03, -0.03, 0.05, -0.22, 0.04, 0.21, 0.02, -0.02]	y:0.1617	fitness:0.860807437376259
, '1000011001100000000001111111010111111101100000010101111010101000000100100001010110000000100111111110'	x:[0.25, 0.0, -0.03, -0.03, 0.05, -0.22, 0.04, 0.21, 0.02, -0.02]	y:0.1617	fitness:0.860807437376259
, '1000011111100000000101111111110111111100100000010001111010101000000110100001110110000010100111111110'	x:[0.31, 0.01, -0.01, -0.04, 0.04, -0.22, 0.06, 0.29, 0.1, -0.02]	y:0.24600000000000005	fitness:0.8025682182985554
, '1000011111100000000101111111110111111100100000010001111010101000000110100001110110000010100111111110'	x:[0.31, 0.01, -0.01, -0.04, 0.04, -0.22, 0.06, 0.29, 0.1, -0.02]	y:0.24600000000000005	fitness:0.8025682182985554
, '0000011011100000000001111111010111111101100000010101110010101000000100100001010110000000100111111110'	x:[-4.85, 0.0, -0.03, -0.03, 0.05, -0.54, 0.04, 0.21, 0.02, -0.02]	y:23.8649	fitness:0.040217334475505635
, '1000011011100000000001111111011111111101100000010101111010101000000100100001010110000000100111110110'	x:[0.27, 0.0, -0.03, 5.09, 0.05, -0.22, 0.04, 0.21, 0.02, -0.1]	y:26.0889	fitness:0.03691548937018484
, '1000001111100000000101111111110111111100100000010001111010101000000110100001110110000010100111111110'	x:[0.15, 0.01, -0.01, -0.04, 0.04, -0.22, 0.06, 0.29, 0.1, -0.02]	y:0.17240000000000003	fitness:0.8529512111907198
, '1000001111100000000101111111110111111100100000010001111010101000000110100001110110000010100111111110'	x:[0.15, 0.01, -0.01, -0.04, 0.04, -0.22, 0.06, 0.29, 0.1, -0.02]	y:0.17240000000000003	fitness:0.8529512111907198
, '1000011111100000000101111111110111111100100000010001111010101000000110100001110110000010100111111110'	x:[0.31, 0.01, -0.01, -0.04, 0.04, -0.22, 0.06, 0.29, 0.1, -0.02]	y:0.24600000000000005	fitness:0.8025682182985554
, '1000011111100000000101111111110111111100100000010001111010101000000110100001110110000010100111111110'	x:[0.31, 0.01, -0.01, -0.04, 0.04, -0.22, 0.06, 0.29, 0.1, -0.02]	y:0.24600000000000005	fitness:0.8025682182985554
, '1000011111100000000001111111010111111100100000010101111010111000000100100001010110000010000111111110'	x:[0.31, 0.0, -0.03, -0.04, 0.05, -0.21, 0.04, 0.21, 0.08, -0.02]	y:0.1977	fitness:0.8349336227769892
, '1000011111100000000001111111010111111100100000010101111010111000000100100001010110000010000111111110'	x:[0.31, 0.0, -0.03, -0.04, 0.05, -0.21, 0.04, 0.21, 0.08, -0.02]	y:0.1977	fitness:0.8349336227769892
, '1000011111100000000001111111010111111100100000010101111010101000000100100001010110000010000111111110'	x:[0.31, 0.0, -0.03, -0.04, 0.05, -0.22, 0.04, 0.21, 0.08, -0.02]	y:0.202	fitness:0.831946755407654
, '1000011111100000000001111111010111111100100000010101111010101000000100100001010110000010000111111110'	x:[0.31, 0.0, -0.03, -0.04, 0.05, -0.22, 0.04, 0.21, 0.08, -0.02]	y:0.202	fitness:0.831946755407654
, '1000011001100000000101111111110111111100100000011001111010101000000100100001110110000110100111111110'	x:[0.25, 0.01, -0.01, -0.04, 0.06, -0.22, 0.04, 0.29, 0.26, -0.02]	y:0.27	fitness:0.7874015748031495
, '1000011001100000000101111111110111111100100000011001111010101000000100100001110110000110100111111110'	x:[0.25, 0.01, -0.01, -0.04, 0.06, -0.22, 0.04, 0.29, 0.26, -0.02]	y:0.27	fitness:0.7874015748031495
, '1000011001100000100101111111110111111100100000010001111010101000100100100001110110000010100111111110'	x:[0.25, 0.09, -0.01, -0.04, 0.04, -0.22, 0.36, 0.29, 0.1, -0.02]	y:0.34640000000000004	fitness:0.7427213309566251
, '1000011001100000100101111111110111111100100000010001111010101000100100100001110110000010100111111110'	x:[0.25, 0.09, -0.01, -0.04, 0.04, -0.22, 0.36, 0.29, 0.1, -0.02]	y:0.34640000000000004	fitness:0.7427213309566251
, '1000001011101000000101111111110111111100100000010001111010101000100110100101110110000010100111111110'	x:[0.11, 1.29, -0.01, -0.04, 0.04, -0.22, 0.38, 0.93, 0.1, -0.02]	y:2.7476000000000003	fitness:0.2668374426299498
, '1000001011101000000101111111110111111100100000010001111010101000100110100101110110000010100111111110'	x:[0.11, 1.29, -0.01, -0.04, 0.04, -0.22, 0.38, 0.93, 0.1, -0.02]	y:2.7476000000000003	fitness:0.2668374426299498
, '1000001111100000010101111111010111111000100100010001111010101000000100100000110110000010100111101110'	x:[0.15, 0.05, -0.03, -0.08, 0.68, -0.22, 0.04, 0.13, 0.1, -0.18]	y:0.6040000000000002	fitness:0.6234413965087281
, '1000001111100000010101111111010111111000100100010001111010101000000100100000110110000010100111101110'	x:[0.15, 0.05, -0.03, -0.08, 0.68, -0.22, 0.04, 0.13, 0.1, -0.18]	y:0.6040000000000002	fitness:0.6234413965087281
, '1000001011100000000001111111010111111101100000010101111010101000010100100001010110000000100111111110'	x:[0.11, 0.0, -0.03, -0.03, 0.05, -0.22, 0.2, 0.21, 0.02, -0.02]	y:0.14970000000000003	fitness:0.8697921196833958
, '1000001011100000000001111111010111111101100000010101111010101000010100100001010110000000100111111110'	x:[0.11, 0.0, -0.03, -0.03, 0.05, -0.22, 0.2, 0.21, 0.02, -0.02]	y:0.14970000000000003	fitness:0.8697921196833958
, '1000001111100000000101111111110111111100100000110001111010101000000110100001110110000010100111111110'	x:[0.15, 0.01, -0.01, -0.04, 0.12, -0.22, 0.06, 0.29, 0.1, -0.02]	y:0.18520000000000003	fitness:0.8437394532568343
, '1000001111100000000101111111110111111100100000110001111010101000000111100001110110000010100111111110'	x:[0.15, 0.01, -0.01, -0.04, 0.12, -0.22, 0.07, 0.29, 0.1, -0.02]	y:0.1865	fitness:0.8428150021070374
, '1000001011100000000001111111010111111101100000010101111010101000010100100001010110000000100111111110'	x:[0.11, 0.0, -0.03, -0.03, 0.05, -0.22, 0.2, 0.21, 0.02, -0.02]	y:0.14970000000000003	fitness:0.8697921196833958
, '1000001011100000000001111111010111111101100000010101111010101000010100100001010110000000100111111110'	x:[0.11, 0.0, -0.03, -0.03, 0.05, -0.22, 0.2, 0.21, 0.02, -0.02]	y:0.14970000000000003	fitness:0.8697921196833958
, '1000011111100000000001111111010111111101100000010101111010101000010100100001010110000000100111111110'	x:[0.31, 0.0, -0.03, -0.03, 0.05, -0.22, 0.2, 0.21, 0.02, -0.02]	y:0.23370000000000002	fitness:0.8105698305909054
, '1000011111100000000001111111010111111101100000010101111010101000010100100001010110000000100111111110'	x:[0.31, 0.0, -0.03, -0.03, 0.05, -0.22, 0.2, 0.21, 0.02, -0.02]	y:0.23370000000000002	fitness:0.8105698305909054
, '1000011111100000000001111111010111111100100000010101111010101000000100100001010110000010000111111110'	x:[0.31, 0.0, -0.03, -0.04, 0.05, -0.22, 0.04, 0.21, 0.08, -0.02]	y:0.202	fitness:0.831946755407654
, '1000011111100000000001111111010111111100100000010101111010101000000100100001010110000010000111111110'	x:[0.31, 0.0, -0.03, -0.04, 0.05, -0.22, 0.04, 0.21, 0.08, -0.02]	y:0.202	fitness:0.831946755407654
, '1000001011100000000001111111010111111100100000010101111010101000000100100001010110000010000111111110'	x:[0.11, 0.0, -0.03, -0.04, 0.05, -0.22, 0.04, 0.21, 0.08, -0.02]	y:0.118	fitness:0.8944543828264759
, '1000001011100000000000111111010111111100100000010101111011101000000100100001010110000010000111111110'	x:[0.11, 0.0, -2.59, -0.04, 0.05, -0.18, 0.04, 0.21, 0.08, -0.02]	y:6.8092	fitness:0.12805409004763613
, '1000001011100000000001111111010111111101100000010101111010101000010100100001010110000000100111111110'	x:[0.11, 0.0, -0.03, -0.03, 0.05, -0.22, 0.2, 0.21, 0.02, -0.02]	y:0.14970000000000003	fitness:0.8697921196833958
, '1000001011100000000001111111010111111101100000010101011010101000010100100001010110000000100111111110'	x:[0.11, 0.0, -0.03, -0.03, 0.05, -1.5, 0.2, 0.21, 0.02, -0.02]	y:2.3512999999999997	fitness:0.2983916689046042
, '1000001101100001000101111111010111111100100000010101111010101000000100100001010110000010100111011110'	x:[0.13, 0.17, -0.03, -0.04, 0.05, -0.22, 0.04, 0.21, 0.1, -0.34]	y:0.2705	fitness:0.7870916961826053
, '1000001101100001000101111111010111111100100000010101111010101000000100100001010110000010100111011110'	x:[0.13, 0.17, -0.03, -0.04, 0.05, -0.22, 0.04, 0.21, 0.1, -0.34]	y:0.2705	fitness:0.7870916961826053
, '1000001111100000000001111111010111111101100000010101111000101000000100100001010110000000100111111110'	x:[0.15, 0.0, -0.03, -0.03, 0.05, -0.3, 0.04, 0.21, 0.02, -0.02]	y:0.16330000000000003	fitness:0.8596234849136078
, '1000001111100000000001111111010111111101100000010101111000101000000100100001010110000000100111111110'	x:[0.15, 0.0, -0.03, -0.03, 0.05, -0.3, 0.04, 0.21, 0.02, -0.02]	y:0.16330000000000003	fitness:0.8596234849136078
, '1000011011100000000101111111010111111000100000010001111010101000000100100000100110000010100111101110'	x:[0.27, 0.01, -0.03, -0.08, 0.04, -0.22, 0.04, 0.09, 0.1, -0.18]	y:0.1824	fitness:0.8457374830852504
, '1000011011100000000101111111010111111000100000010001111010101000000100100000100110000010100111101110'	x:[0.27, 0.01, -0.03, -0.08, 0.04, -0.22, 0.04, 0.09, 0.1, -0.18]	y:0.1824	fitness:0.8457374830852504
, '1000011001100000000001111111010111111101100000010101111010101000000100100001010110100000100111111110'	x:[0.25, 0.0, -0.03, -0.03, 0.05, -0.22, 0.04, 0.21, 1.3, -0.02]	y:1.8513000000000002	fitness:0.3507172167081682
, '1000011001100000000001111111010111111101100000010101111010101000000100100001010110000000100111111110'	x:[0.25, 0.0, -0.03, -0.03, 0.05, -0.22, 0.04, 0.21, 0.02, -0.02]	y:0.1617	fitness:0.860807437376259
, '1000001111100000000101111111010111111100100000010101111010101000000100100001010110000010100111111110'	x:[0.15, 0.01, -0.03, -0.04, 0.05, -0.22, 0.04, 0.21, 0.1, -0.02]	y:0.13210000000000002	fitness:0.8833141948591113
, '1000001111100000000101111111010111111100100000010101111010101000000100100001010110000010100111111110'	x:[0.15, 0.01, -0.03, -0.04, 0.05, -0.22, 0.04, 0.21, 0.1, -0.02]	y:0.13210000000000002	fitness:0.8833141948591113
, '1000011011100000000001111111010111111100100000010001111010101000000100110001010110000010000110111110'	x:[0.27, 0.0, -0.03, -0.04, 0.04, -0.22, 0.04, 2.77, 0.08, -0.66]	y:8.241900000000001	fitness:0.10820285871952735
, '1000011011100000000001111111010111111100100000010001111010101000000100100001010110000010000111111100'	x:[0.27, 0.0, -0.03, -0.04, 0.04, -0.22, 0.04, 0.21, 0.08, -0.04]	y:0.17909999999999998	fitness:0.8481044864727334
, '1000011111100000000001111111010111111101100000010101111010101000000100100101010110000000100111111110'	x:[0.31, 0.0, -0.03, -0.03, 0.05, -0.22, 0.04, 0.85, 0.02, -0.02]	y:0.8736999999999998	fitness:0.53370336766825
, '1000011111100000000001111111010111111101100000010101111010101000000100100001010110000000100111111110'	x:[0.31, 0.0, -0.03, -0.03, 0.05, -0.22, 0.04, 0.21, 0.02, -0.02]	y:0.1953	fitness:0.8366100560528738
, '1000011011100000000101111111010111111100100000010101111010101000000100100001010110000010100111111110'	x:[0.27, 0.01, -0.03, -0.04, 0.05, -0.22, 0.04, 0.21, 0.1, -0.02]	y:0.18250000000000002	fitness:0.8456659619450316
, '1000011011100000000101111111010111111100100000010101111010101000000100100001010110000010100111111110'	x:[0.27, 0.01, -0.03, -0.04, 0.05, -0.22, 0.04, 0.21, 0.1, -0.02]	y:0.18250000000000002	fitness:0.8456659619450316
, '1000001011100000000101111111110111111100100000010001111010101000100110100001110110000010100111111110'	x:[0.11, 0.01, -0.01, -0.04, 0.04, -0.22, 0.38, 0.29, 0.1, -0.02]	y:0.3028	fitness:0.7675775253300584
, '1000001011100000000101111111110111111100100000010001111010101000100110100001110110000010100111111110'	x:[0.11, 0.01, -0.01, -0.04, 0.04, -0.22, 0.38, 0.29, 0.1, -0.02]	y:0.3028	fitness:0.7675775253300584
, '1000011011100000000001111111010111111101100000010101111010101000000100100001010110000000100111111110'	x:[0.27, 0.0, -0.03, -0.03, 0.05, -0.22, 0.04, 0.21, 0.02, -0.02]	y:0.1721	fitness:0.8531695247845748
, '1000011011100000000001111111010111111101100000010101111010101000000100100001010110000000100111111110'	x:[0.27, 0.0, -0.03, -0.03, 0.05, -0.22, 0.04, 0.21, 0.02, -0.02]	y:0.1721	fitness:0.8531695247845748
, '1000011111100000000101111111110111111100100000110001111010101000000110100001110110000010100111111110'	x:[0.31, 0.01, -0.01, -0.04, 0.12, -0.22, 0.06, 0.29, 0.1, -0.02]	y:0.25880000000000003	fitness:0.7944073721004131
, '1000011111100000000101111111110111111100100000110001111010101000000110100001110110000010100111111110'	x:[0.31, 0.01, -0.01, -0.04, 0.12, -0.22, 0.06, 0.29, 0.1, -0.02]	y:0.25880000000000003	fitness:0.7944073721004131
, '1000001111100000000101111111110111110100100000010001111010101000000110100001110110000010100111111110'	x:[0.15, 0.01, -0.01, -0.12, 0.04, -0.22, 0.06, 0.29, 0.1, -0.02]	y:0.1852	fitness:0.8437394532568343
, '1000001111100000000101111111110111110100100000010001111010101000000110100001110110000010100111111110'	x:[0.15, 0.01, -0.01, -0.12, 0.04, -0.22, 0.06, 0.29, 0.1, -0.02]	y:0.1852	fitness:0.8437394532568343
, '1000011111100000000101111111010111111100100000010101111010101000000100100001010110000010100101111110'	x:[0.31, 0.01, -0.03, -0.04, 0.05, -0.22, 0.04, 0.21, 0.1, -1.3]	y:1.8953000000000002	fitness:0.34538735191517284
, '1000011111100000000101111111010111111100100000010101111010101000000100100001010110000010100111111110'	x:[0.31, 0.01, -0.03, -0.04, 0.05, -0.22, 0.04, 0.21, 0.1, -0.02]	y:0.20570000000000002	fitness:0.829393713195654
, '1000011001100000000001111111010111111101100000010101111010101000000100100001010110000000100111111110'	x:[0.25, 0.0, -0.03, -0.03, 0.05, -0.22, 0.04, 0.21, 0.02, -0.02]	y:0.1617	fitness:0.860807437376259
, '1000011001100000000001111111010111111101100000010101111010101000000100100001010110000000100111111110'	x:[0.25, 0.0, -0.03, -0.03, 0.05, -0.22, 0.04, 0.21, 0.02, -0.02]	y:0.1617	fitness:0.860807437376259
, '1000001111101000000101111111110111110100100000010001111010101000000110100001110110000010100111111110'	x:[0.15, 1.29, -0.01, -0.12, 0.04, -0.22, 0.06, 0.29, 0.1, -0.02]	y:1.8492000000000002	fitness:0.3509757124806963
, '1000001111100000000101111111110111110100100000010001111010101000000110100001110110000010100111111110'	x:[0.15, 0.01, -0.01, -0.12, 0.04, -0.22, 0.06, 0.29, 0.1, -0.02]	y:0.1852	fitness:0.8437394532568343
, '1000011011100000000001111111010111111100100000010101111010111000000100100001010110000010010111111110'	x:[0.27, 0.0, -0.03, -0.04, 0.05, -0.21, 0.04, 0.21, 0.09, -0.02]	y:0.1762	fitness:0.8501955449753444
, '1000011011100000000001111111010111111100100000010101111010101000000100100001010110000010010111111110'	x:[0.27, 0.0, -0.03, -0.04, 0.05, -0.22, 0.04, 0.21, 0.09, -0.02]	y:0.18050000000000002	fitness:0.847098686997035
, '1000001111100000000101101111010111111100100000010101111010101000000100100001010110000010100111111110'	x:[0.15, 0.01, -0.67, -0.04, 0.05, -0.22, 0.04, 0.21, 0.1, -0.02]	y:0.5801000000000001	fitness:0.6328713372571356
, '1000001111100000000101111111010111111100100100010101111010101000000100100001010110000010100111111110'	x:[0.15, 0.01, -0.03, -0.04, 0.69, -0.22, 0.04, 0.21, 0.1, -0.02]	y:0.6056999999999999	fitness:0.6227813414710096
, '1000001111100000000101111110010111111100100000010101111010101000000100100001010110000010100111111110'	x:[0.15, 0.01, -0.07, -0.04, 0.05, -0.22, 0.04, 0.21, 0.1, -0.02]	y:0.13610000000000003	fitness:0.8802042073761112
, '1000001111100000000101111111010111111100100000010101111010101000000100100001010110000010100111111110'	x:[0.15, 0.01, -0.03, -0.04, 0.05, -0.22, 0.04, 0.21, 0.1, -0.02]	y:0.13210000000000002	fitness:0.8833141948591113
, '1000011111100000000001111111010111111100100000010101101010101000000100100001010110000010000111111110'	x:[0.31, 0.0, -0.03, -0.04, 0.05, -0.86, 0.04, 0.21, 0.08, -0.02]	y:0.8931999999999999	fitness:0.5282062117050497
, '1000011111100000000001111111010111111100100000010101111010101000000100100001010110000010000111111110'	x:[0.31, 0.0, -0.03, -0.04, 0.05, -0.22, 0.04, 0.21, 0.08, -0.02]	y:0.202	fitness:0.831946755407654
, '1000011111100000000001111111010111111101110000010101111000101000000100100001010110000000100111111110'	x:[0.31, 0.0, -0.03, -0.03, 2.61, -0.3, 0.04, 0.21, 0.02, -0.02]	y:7.046499999999999	fitness:0.12427763623935875
, '1000011111100000000001111111010111111101100000010101111000101000000100100001010110000000100111111110'	x:[0.31, 0.0, -0.03, -0.03, 0.05, -0.3, 0.04, 0.21, 0.02, -0.02]	y:0.23690000000000003	fitness:0.8084727948904519
, '1000011011100000000001111111010111111101100000000101111010111000000100100001010110000000100111111110'	x:[0.27, 0.0, -0.03, -0.03, 0.01, -0.21, 0.04, 0.21, 0.02, -0.02]	y:0.16540000000000002	fitness:0.8580744808649391
, '1000011011100000000001111111010111111101100000000101111010111000000100100001010110000000100111111110'	x:[0.27, 0.0, -0.03, -0.03, 0.01, -0.21, 0.04, 0.21, 0.02, -0.02]	y:0.16540000000000002	fitness:0.8580744808649391
, '1000001111100000010101111111011111111000100100010001111010101000000100100000110110000010100111101110'	x:[0.15, 0.05, -0.03, 5.04, 0.68, -0.22, 0.04, 0.13, 0.1, -0.18]	y:25.999200000000002	fitness:0.037038134463243354
, '1000001111100000010101111111010111111000100100010001111010101000000100100000110110000010100111101110'	x:[0.15, 0.05, -0.03, -0.08, 0.68, -0.22, 0.04, 0.13, 0.1, -0.18]	y:0.6040000000000002	fitness:0.6234413965087281
, '1000011111100000000001111111010111111100100000010101111010111010000100100001010110000010000111111110'	x:[0.31, 0.0, -0.03, -0.04, 0.05, -0.21, 1.32, 0.21, 0.08, -0.02]	y:1.9385000000000001	fitness:0.34030968181044746
, '1000011111100000000001111111010111111100100000010101111010111000000100100001010110000010000111111110'	x:[0.31, 0.0, -0.03, -0.04, 0.05, -0.21, 0.04, 0.21, 0.08, -0.02]	y:0.1977	fitness:0.8349336227769892
, '1000001111100000000101111111110111111100100000110001111010101000000110100001110110000010100111111110'	x:[0.15, 0.01, -0.01, -0.04, 0.12, -0.22, 0.06, 0.29, 0.1, -0.02]	y:0.18520000000000003	fitness:0.8437394532568343
, '1000101111100000000101111111110111111100100000110001111010101000000110100001110110000010100111111110'	x:[0.47, 0.01, -0.01, -0.04, 0.12, -0.22, 0.06, 0.29, 0.1, -0.02]	y:0.3836	fitness:0.7227522405319456
, '1000011101100001000101111111010111111100100000010101111010101000000100100001010110000010100111011110'	x:[0.29, 0.17, -0.03, -0.04, 0.05, -0.22, 0.04, 0.21, 0.1, -0.34]	y:0.3377	fitness:0.7475517679599313
, '1000011101100001000101111111010111111100100000010101111010101000000100100001010110000010100111011110'	x:[0.29, 0.17, -0.03, -0.04, 0.05, -0.22, 0.04, 0.21, 0.1, -0.34]	y:0.3377	fitness:0.7475517679599313
, '1000001011100000000001111111010111111100100000010101111010101000000100100001010110000010000111111110'	x:[0.11, 0.0, -0.03, -0.04, 0.05, -0.22, 0.04, 0.21, 0.08, -0.02]	y:0.118	fitness:0.8944543828264759
, '1000001011100000000001111111010111111100100000010101111010101000000100100001010110000010000111111110'	x:[0.11, 0.0, -0.03, -0.04, 0.05, -0.22, 0.04, 0.21, 0.08, -0.02]	y:0.118	fitness:0.8944543828264759
, '1000001111100000000001111111010111111100100000010001111010101000001100100001010110000010000111111110'	x:[0.15, 0.0, -0.03, -0.04, 0.04, -0.22, 0.12, 0.21, 0.08, -0.02]	y:0.14029999999999998	fitness:0.8769622029290539
, '1000001111100000000001111111010111111100100000010001111010101000000100100001010110000010000111111110'	x:[0.15, 0.0, -0.03, -0.04, 0.04, -0.22, 0.04, 0.21, 0.08, -0.02]	y:0.1275	fitness:0.8869179600886918
, '1000001111100000000101111111110111111100100000010001111010101000000110100001110110000010100111111110'	x:[0.15, 0.01, -0.01, -0.04, 0.04, -0.22, 0.06, 0.29, 0.1, -0.02]	y:0.17240000000000003	fitness:0.8529512111907198
, '1000001111100000000101111111110111111100100000010001111010101010000110100001110110000010100111111110'	x:[0.15, 0.01, -0.01, -0.04, 0.04, -0.22, 1.34, 0.29, 0.1, -0.02]	y:1.9644000000000004	fitness:0.33733639184995273
, '1000011011100000000101111111110111111100100000010001111010101000100110100001110110000010100111111110'	x:[0.27, 0.01, -0.01, -0.04, 0.04, -0.22, 0.38, 0.29, 0.1, -0.02]	y:0.36360000000000003	fitness:0.7333528894103843
, '1000011011100000000101111111110111111100100000010001111010101000100110100001110110000010100111111110'	x:[0.27, 0.01, -0.01, -0.04, 0.04, -0.22, 0.38, 0.29, 0.1, -0.02]	y:0.36360000000000003	fitness:0.7333528894103843
]